7786.505072386718 83.59992830564012 64.85278123887645 1.228300638956405
7683.602074227105 9.468911539491353 69.55628674238471 2.9032817041590477
4069.2351862837695 86.43209095660116 42.1598802561705 2.364936818393938
5126.059430203774 48.15666815119357 180.386298291108 5.421415716275234
599.7977385664412 56.18134930854537 363.66616391260425 3.0264071747577885
9517.635756460822 24.908493731321844 336.91911137967327 4.515507106586702
7269.498833904161 79.82141056417693 41.64566844084704 1.847954474071081
8092.707900257416 37.06289275936809 239.1982486368404 5.7720843900703604
1539.5197180062946 51.39806460949276 375.21024917533657 2.368223659875554
5936.502525243784 65.94428027654715 282.7629139638775 5.897250225422777
2163.1608160266924 71.25414534196624 40.478401084836754 2.635296350277387
6149.393713125489 31.17074055742306 494.37619233179504 1.3255396024795443
1262.3224228816812 31.233753646352568 257.422270356348 2.555335735217793
5338.836495100336 99.10972370572233 341.5721026290074 4.247418602920195
1294.8008789589207 81.25054652689155 443.9965562191837 3.9302555096789624
7934.989423483068 37.21223398877057 466.76835733276164 1.779969580613813
6573.454839194802 90.09032249471879 473.5325845420976 5.273715557511465
7992.3257465591305 56.73305925911946 60.099672120116445 2.0632653900558644
4282.422271326297 42.2354713133238 179.9857868630042 1.5266085344820932
5190.000162159807 75.16491443883271 478.9404217844553 2.006496853755496
7975.264241824587 100.2113314362178 414.25270076707466 1.722833730146562
3482.6799366062232 95.34732666437561 485.4763453419074 1.9371900088822405
7744.582834120414 69.88786603417162 245.97041672397413 1.4454644121778322
8921.853988309029 5.98890878461159 355.5742668311295 1.806051389363955
4280.498736308198 34.812827259428104 443.27456848398384 5.727444785786872
8682.098328581043 75.15877828632301 207.26033082817975 4.9794711334083885
1883.5800375259546 39.55514727487477 301.9683135825543 5.507865186243082
7208.31836183346 27.616242154090052 69.77006897006274 2.1999661823301278
7953.849240657704 54.813282571151476 429.24089402523254 1.1759500673354464
9052.931038639117 63.67726635001954 286.55213319339407 4.5284596966780795
4887.342323074801 16.36831211238802 285.0173386753581 1.3945642287369144
5859.2489544918335 13.243344751411556 81.71210587664197 2.0960011912833485
3497.108305924804 2.5738789185018476 175.51798815474905 3.77084223072557
9159.829912450092 96.78808807965761 164.84588101598555 1.2091781949016287
1090.2627860147365 71.77566845609324 67.70325462071648 4.964128391858585
1096.2561960394073 35.2159296546132 207.4554826595507 1.7740395527076893
9758.797629808472 81.7049782935243 178.77459314613074 1.124586540325804
9545.077631066759 63.84542039481858 108.33547667636631 2.4569318769823685
1566.8257880414978 31.420129779735205 260.3410718588962 1.7264900205286595
9710.522168428775 40.15869210729558 310.3881818460153 2.3944906040442113
4655.12009297736 15.764022509528408 134.54191617023403 5.688396837593454
8372.947517096844 19.793395940474376 321.940525430816 4.334453498306356
1982.5229539248314 39.61701619911217 237.38339294760635 2.401300670389281
4301.940323875704 16.49059006331188 38.21933575063228 3.647470481800128
5191.631937856857 70.56477672056923 42.60208407233633 1.8617139166245487
2157.9006700203818 66.8715277267618 273.36424249815246 5.839270146264696
4264.230603335248 94.14636209842028 73.05159487141938 4.428915516194429
7716.960693174366 24.07973311830732 58.141759404618874 4.732123360768728
2260.0918647390386 94.83726152119685 343.2240854900655 1.896798188987566
6518.157911447237 91.13704841533232 433.04216983108387 5.922387408309952
7821.9281473388455 1.6557465208403723 131.1070309948748 2.146561458533552
1912.0278041234951 37.53018313768737 460.1135237877845 2.0829832173851055
3889.548515449688 82.12229398360975 20.93807579107869 4.885697651466897
8806.692711829812 84.8375047185967 496.887408500719 1.1200598225132272
9164.380629554627 28.676701881276124 209.1019132775664 3.09322290048592
6414.267116297433 89.45626827838365 483.0003726829042 5.644066572722246
1431.8535890807789 83.05406112650178 85.71081414058602 4.195955150271347
8518.99239237245 34.59266876888134 495.2850108574169 2.0373210647765814
9344.17181920027 76.08977303750294 124.37088284582396 1.5640014239193414
1652.1460240343656 88.08826713651099 190.6173751368162 4.031423846112385
7143.4518553948155 1.5787569880073007 58.056987534215374 1.2067688348428538
5668.0031269206875 7.395712733225478 355.8352010169297 4.9151197154519854
8762.283105209355 85.83035048489758 407.4464589792873 3.098184644932923
966.166610594624 24.666635742796906 96.50540139207693 2.621167806911444
7440.488008154856 91.1767033390232 452.79290647554893 2.0889247092697363
8360.535503425279 21.61926637713395 150.8915080058869 5.162314003074333
6863.241287000502 97.70943030485944 298.50339046558554 5.05498575815063
6222.276979335352 80.32019296206263 415.57477851074833 2.4525360400336047
1084.9990839639959 27.800068643697394 39.81096720749839 4.669667504468533
3718.0414708447593 48.51283012747693 143.98741040053133 3.0394464546653444
4946.726525157877 11.430460988122569 443.8586703956568 3.806890701857052
4666.585669385881 89.48699109307844 247.54513316886502 1.8443336933299634
7177.211320558236 75.00769516387379 75.42523298496076 4.127780014863583
4724.096275407982 51.103774269535265 243.79137634982732 2.643133926597401
917.4241808459116 74.21548446615313 378.47601492867494 3.362777992102024
4415.153132654851 17.424866352090884 475.40771713586713 1.7881402204492023
3783.749295945007 73.67318251604294 40.51026268266391 4.374493150107893
673.1154580689633 31.964935955096884 100.27743360846894 3.9580696747923563
3695.8316231160047 7.91083879464065 40.845364461994656 3.4214517194684806
6034.094475346237 62.97194806187547 171.93301670041618 5.50295585350424
2303.8808157018702 83.66180303744808 307.8272638335984 1.492449170946725
4754.821020157668 28.987601385313244 363.3451202488089 4.018050069203032
9400.692459973703 11.024660124710183 262.5299371933658 1.9509550005117406
8057.980682678659 4.455687876908842 400.5435528750334 2.013499853875883
1574.7711687789404 78.01646021518401 30.603392050188415 1.5277911438008172
7190.732738170485 69.0994576858122 89.16959456187776 2.1481033791257604
7323.713605414581 20.85549856523464 494.09512897427874 3.3900086563859557
1751.551177877581 66.51223635301942 209.66850160711277 3.2481625845439543
2609.0991865762085 41.462354277862964 37.60218792531373 2.2595575529284044
3998.5041841365164 63.792859497809275 220.1094970935216 5.846710113793267
8306.246876645655 98.70338237073875 76.05561960202319 3.475144775619373
1001.0559690458782 98.56631961258681 439.9937824128502 3.9426542922277426
5978.299880138955 54.434585376812215 364.59457556025075 2.305906978423769
6954.247569710084 7.379568574627381 448.04716182227384 3.1102698063744403
3415.6666802715827 7.111699109431701 313.8985347577347 5.510581949261663
6478.145975215804 21.83497495008376 171.8180033373789 3.581678327806616
5711.138144190682 51.35244515039161 104.31214027234499 1.068303079828883
9752.101372057674 19.063855097561067 422.5824793664776 3.901383334106985
2841.256375841928 82.17027680221487 294.1629472094141 5.617618270198078
4812.0929197516225 20.95688452036557 251.0216272972112 4.713500717174452
4125.296263555278 27.508694886562367 28.636041646701752 4.562640960693786
694.1776571145391 53.226692213615586 376.54868452356317 3.0181818297293357
9595.532248742735 66.11709910049517 119.97739249010093 1.1262887119531437
567.278769696395 28.712210343186683 298.9535183943464 2.231072671889078
1249.156567920269 32.711637410193106 231.94687752219858 5.140396426839988
4654.6972558837415 88.7395039526639 331.86526297326566 3.833851229803887
6027.080817726885 55.80811827376627 121.3791377384873 1.8042668524746766
7387.327194533234 77.78623920761324 45.8359840809714 3.6284051595631586
447.0037330232336 31.71233472856211 167.23259215633453 2.463232372568503
8170.573604967984 97.67673193785917 286.78996631821684 2.2436615168431824
5245.157581167594 41.08164257754632 408.1608499629633 3.056462423775434
9547.966933246453 72.14331434202644 473.0862692424712 5.812179987732926
1700.4324529847681 31.468840296110898 272.72360550023143 3.861097809319713
8972.931978697608 86.47227875374969 219.17871643633646 2.6812257514556315
1930.5081492569752 53.62582858291164 376.9121946979604 3.5734954439414865
2342.712284285045 62.31591492457795 163.24923309131609 4.7761256381552455
4150.849258627855 73.44388099376444 196.4959615730082 4.376705933417461
551.068186434618 98.36563269891192 273.4093832744536 3.24637860743699
6140.108991997099 21.664817843805437 235.34553613421954 2.1582036225285517
2774.723890229563 93.77690208077566 413.0330557289745 5.329470067199122
8351.58381776088 65.40191289918438 323.6553244889134 5.378380721217782
8794.143132296977 64.90930211356864 195.1718299925141 4.823976795307685
1874.7951987658964 28.611129636005806 393.91722919426184 4.616564409922425
5408.777011228678 35.551399509756244 121.23643576605677 4.110826382736228
1824.2892890986827 81.56602523296546 223.3865290468539 5.608611178792266
6847.483802830188 96.3599221347024 378.3738987421703 4.5660880645126705
2710.0478390130475 4.788880098290104 33.17739624005979 1.6628945324644586
1924.0976868099713 87.3378611575321 235.15271823661595 5.3151521667504475
5771.0004788746 92.51470101598206 353.3251928500615 4.9272551157180695
9391.721266903423 5.951233326473492 407.95968113731635 2.2594509643251355
6748.54257609985 40.41451414306722 389.2032512842307 2.758909342574616
2861.957329294136 7.646342472142363 314.3334006069929 4.913966223102827
4913.4455442008075 96.84297586600277 302.3797886760365 3.8061863588250247
6808.127834720579 71.34784962512126 17.4832778726227 3.905749599067951
3486.4277087165515 95.22870599687568 476.8928271277142 3.6822081917982916
5134.3130437504615 2.825142828197379 389.3901122410749 5.65779279034423
3721.958351655836 15.382057566503914 100.30451491774257 5.8362793307605925
4978.440375351862 48.00456786331385 186.82833892422235 5.304162344063498
7763.694211265587 95.50513516843195 51.81784878832143 2.401972290475768
647.4703672451445 67.3353283560301 219.8110996482219 1.8148421578951737
4996.628926153915 75.66599047825657 80.99514054678869 1.1179775838413233
2744.1553345602624 63.70673504448331 11.510139362171554 4.543809777156204
5256.427766467235 52.61888314604324 371.7563173142832 3.52814333354737
7054.707707069935 69.24593078439707 104.56535056080443 4.421229650426806
3841.1409736907226 59.3535301393807 128.65175398996192 5.423294625586391
4099.7596648916315 41.242949578267115 380.54436029502796 1.0881359115203124
6798.191799564986 8.939234118100858 94.94732854229945 1.1950734627198685
9214.049265112917 31.6608415548257 492.5639413579535 4.7955679437756
8208.101122631939 8.457851227871327 29.62450775736678 3.4399453790107546
2699.6274021215036 16.962182507952015 372.913151244233 5.56392785830088
1872.276555767823 16.51864535574926 115.53243374864414 3.7416165901311396
3830.904805149489 70.65180043735278 48.84554667567512 1.2045615078328349
1231.5385499260656 87.5063042321953 89.93004700475643 4.237411072174451
2693.356985969756 46.89317197258341 367.2061492344179 3.4545859273833885
1455.0731839853315 81.88175989973064 247.56980083047247 5.956856328372098
3102.099521636368 13.26004015239509 84.64945947695755 5.856270544314245
5734.668073152676 78.14693917301345 119.09824215346818 3.330088220781234
5012.143190533532 19.15474027573699 19.061034168164664 2.640426607406527
2050.3815829409828 66.17530806374822 59.42934869528723 5.974142791227819
8865.911096783662 35.24252372539658 155.33675257897914 1.8439961432164178
8705.949860858591 40.23804030111199 285.1808914994292 3.3542775873798143
862.3933070476448 21.561427513578213 184.57490223916815 4.128209892578642
7183.045872748363 14.021777229451514 182.29862307245935 4.115836517562919
2338.101054381864 27.476973134275116 481.4168165430503 2.266285508428728
8535.956516669583 9.101492175434888 365.4257685684421 4.42361674428915
9504.175529442164 46.62967477813884 242.90480833130508 2.3677497879696476
9692.921046050798 96.62681401274457 77.95161937499418 5.117135409608661
1986.5850362894166 22.30310330977435 54.73344649021328 1.507337315657126
7408.556688466254 12.39023416583197 344.2912412318277 5.681666749540071
8194.263955175156 52.615498490185466 497.82254762816245 1.265379339199141
8784.82622498078 95.02228776419771 79.85384980349914 3.1895859922090315
2644.3143296507055 86.56586823302666 6.161685300237297 1.5771313237703586
8011.468579038325 81.91471634576077 345.14868528450233 1.4307074866864284
6137.489901434674 38.765463022051904 8.035744251059864 4.372206498397162
9073.81068372595 17.78400857497656 334.09967616085873 1.3233572911462361
5873.164039438357 16.739703842415153 256.96318628796377 4.481893147332407
8371.295457617038 5.792700886100276 372.19180301350553 3.482406328542615
4058.8419486143675 35.63845510892703 189.6340880671575 2.7495092660641145
4867.772569555259 44.145129834017446 134.59907915188833 2.0720834514346977
2327.11383391815 53.251097182911174 453.2450582569231 4.823045491284812
5166.76325758051 14.431326001016597 364.7435450835078 1.0488688497481689
9575.273682320358 57.15661993299338 27.066531148499617 1.694285735616376
9232.2028896002 8.133282372756145 374.353410457109 1.8150539844879712
5959.792658800966 65.98007236595183 363.7638763775124 5.206584591978191
8719.999252730679 20.119869025252722 115.32378222013337 5.571687167291491
4139.463347061968 9.969528234579693 409.60202360510476 2.8448863341495754
3959.6045783902928 92.19152010334531 413.5812504663488 4.148763072980464
1668.5100337001036 50.909458314155366 321.6133231670405 5.584862031063594
3605.3636957335398 34.40619476580004 147.51195699827184 5.371949972094195
8875.855596010679 7.766505871462258 466.27331899122464 1.1798195968977867
2695.9322840887094 79.70019686427753 259.877499138142 5.623299769338445
8474.244700452644 19.00409541310273 142.1311049465034 1.349037878892386
3084.529828584059 69.94940420569952 257.8117106230161 3.8957810199468117
2810.1625924845284 93.34775600700779 235.8502682914494 2.0722387124734727
6230.238089187209 24.898915601690796 125.51078699240163 3.5087916988560317
6661.68016273728 52.640409339017836 132.65725447668532 3.8430138735193777
8088.234312296339 94.18567565127725 449.39553246749233 5.627824412077201
1573.144798245248 29.56573460298708 59.43583385048507 1.868278541327518
3289.5638162204236 35.91472532781217 124.38586037071713 5.65308955565845
5630.278057776314 52.27009455145407 484.57317301122424 5.978441117572113
1945.3764232198976 40.913913691885696 160.77988116868016 5.4491972025646485
5018.910126705365 81.67404119106247 473.8249679005933 1.4193269818718703
7161.025338302893 31.93478552975819 440.11984150238874 1.7741067527888146
4124.571343982787 96.4898507718453 304.3474174160908 4.795438616655748
5595.9288957836825 2.802285409396087 243.1530905804974 5.326778549359875
5370.167179317778 78.17178449235657 73.81335196238949 5.6164795432894214
3747.955369721256 29.018721188312124 129.10288139220776 3.7187052253553046
3426.3156519764825 92.30251911662397 414.1111872106172 2.1349455647251885
1448.4400619201963 22.83625463091481 370.24973879781425 1.7373112517284297
8499.855036846478 4.907253508744645 497.189916385517 3.2498388754903647
4296.930442533772 30.627946694535467 242.33574683466787 4.314744885966213
2438.8944538912538 99.09310848155121 449.58336500890664 4.066171140717326
4238.756947384961 75.87332366248309 90.33775328404889 3.1526375375562545
678.3292299775428 58.00547119935301 327.1938688812464 5.445987094873647
3488.4963110451818 48.65626325587537 429.25868372577884 5.443890147565939
1076.3934725633148 69.70661627316387 303.9617675363045 4.346394234691211
5235.979373340807 82.73911647504795 487.0558960545572 4.241496048674559
1158.829664410874 55.10996091140979 439.763900981499 2.5238683437614275
9819.431449637063 58.57805570465771 121.70763249846068 5.869994644451546
4138.074167887136 65.00271656376265 162.69423184776852 1.9804033863830708
6139.563016600942 28.694075166958477 124.5112306772722 2.1786589022242238
9261.28684606141 81.47988837177297 370.95402369010486 3.35249038551623
9669.42987616556 98.28746821341105 394.5562253113717 3.1713615194414637
5519.566460699673 64.37574981216544 277.83991564367625 2.893158466771468
9221.937250565761 65.61950228921862 476.21822974656965 5.593785438006568
2472.6155670565754 27.65947843045071 339.4375516308245 3.1932598972996327
6871.17986936019 54.28391699498901 261.5232316946319 1.8449017019084282
9391.970947788393 13.966669147635745 490.02821207727254 5.831792515361636
4035.9703904367616 62.9162260610395 41.13296052634632 3.2402256852618168
7789.550059829226 58.73743661509404 230.06726617154553 5.565436355016171
3470.9197608284194 41.06642811859684 418.0474643829968 1.276192512648295
3637.214873929258 26.65695602056731 240.81943602634328 2.871862932581736
6655.125451173121 35.8787310390014 225.20745024528327 2.418104486537885
7324.729557173268 41.63980291801682 359.00720572833364 5.885100913406728
1185.7024952991896 69.93119608643833 336.05385838632 2.8016605843129083
7821.443772115339 73.422695385928 444.5683739183352 5.317798765379962
7340.18438095585 22.202091046159765 181.5616349407648 1.546370235822618
1577.2002866943258 46.450577781952475 174.99775668951708 4.496200122842307
9950.774176056888 21.823886354266453 347.8562626201125 4.52759555387515
9227.94065911739 84.24038791456206 178.68857765010597 1.3587817458368665
6006.983679283062 97.29856991595597 220.54176598372305 2.045094734976905
9933.731137704544 30.4300828281288 380.86322712564464 4.236641034226279
5142.6846556547725 85.4802008752434 224.36458985616065 5.9154219890816915
4885.067295603145 8.474267221520892 408.51236838932414 2.5688350752407594
9784.70449761536 17.245326310400454 442.6063237977803 1.8621593939629468
511.3500023265865 9.201941566313419 116.41750516270898 2.8630746132919325
8984.981939433499 96.79525540308099 108.18542609152527 1.393637266697805
6558.997115919777 69.53825032820104 479.7381294227584 2.2236861949341264
8615.892747335743 54.454144872816414 384.15211234654555 1.5575675076602638
9501.304694349841 18.505259150030874 372.47037539012683 3.4949220500449822
4991.615482758433 18.194330043492734 473.1275641697524 3.4140483214441444
6667.570879720322 86.61387704264568 87.75348825342833 4.4470074450071655
5202.54067765474 45.548687145700384 315.06518979284135 3.843972949447065
6423.224943937997 71.95939089811772 329.68428692159944 1.7313600971024887
3263.476796803538 27.7346487402088 264.0454617414134 5.433416812872859
8354.443022870364 27.31887342430711 172.9198403477186 4.394924860846135
1031.2584321027402 3.4542347001570652 186.95342338565627 3.8736153094286365
7218.621985037502 25.46447672524944 67.57756447828287 1.2443974330332894
2790.8338387061367 46.74980295634645 76.87557949711196 4.2713483013728695
4511.81697176198 99.45930301564458 134.20059419728483 1.0402308264521445
6774.784363151545 56.34951475289518 6.688705368106865 5.359706755222446
8337.995102543919 67.16168876950634 380.01774205149417 5.456835357319584
4853.78604711973 22.055498182371245 408.14252554115916 4.1712394642639765
6834.460144889155 87.36152190338639 28.312253613771496 5.6265183915768056
9799.84226062746 64.8995960719467 305.05946359739283 1.8244137415515995
6669.738500402111 63.302910255838896 104.09474355267015 1.375824952175351
6186.257418363581 94.0673453885896 180.13368667797863 1.6733213640024753
3336.3833414661626 88.76839399211377 307.8744197026514 5.527498353990936
8276.63038487941 36.08355067442983 249.00542182916706 2.875930850622334
3642.7368175337674 4.930387144509739 187.31128840089377 2.7708910137581486
1876.4745862266686 25.638426751804577 316.36298115060583 1.0973154670912335
2062.529800881593 11.897606104100799 229.831792209525 5.068049360414999
9610.060919443002 96.94991520586775 256.07873145402914 2.4337443755778128
3268.0260171714235 17.9426169012705 435.57415410579773 3.659711944462833
4771.33288021734 38.006399997437065 109.86618740748231 5.026944234220369
5467.06729651929 48.99807762315733 70.71774574772552 1.8410867368302517
1071.1962211338177 14.7776970386276 495.44740415389543 4.244034979635996
8006.150308952623 19.923561956851444 349.5171994251865 4.495606974630297
7640.545521149981 99.94696851006304 14.292226291337343 2.689516141465761
6227.406623367148 52.6038661939601 310.12644030353545 4.188129441986422
6165.227303776818 51.390040271334556 464.9288373654599 4.856270458223534
8367.897994116134 31.038054556038695 389.2336776426886 2.5375947732045776
2972.98831027445 44.06251427754025 46.67659269497783 1.5310294670366045
8225.876600498083 3.6731541249788604 188.05688658562707 2.801479832130565
9384.739098241133 18.762356073088426 302.21300855927404 5.467391598533592
9682.917605549404 73.3470111224631 455.54248813146734 4.627054959458639
8957.206110098903 40.091789773994215 477.20512807034874 3.600718432740278
1695.080539162129 76.91321129001473 233.58946995246544 1.8522233275100595
3092.9538270952808 60.586093916378005 468.60705623370757 1.6815951038647372
2478.328916406335 23.071884410963193 403.45958351786305 4.99443454447116
8990.628802338739 39.20854122528172 463.1979650590257 3.5786887441985575
8714.325286147021 77.83056070208849 69.65216620653355 2.650789755395219
3186.1167140532616 20.093994638247867 375.30446740147573 4.281568497415723
8654.822986469368 13.638559687927742 194.59298894484826 2.7751074285492745
7189.661395808606 15.484005403985822 361.9656764153613 4.406269298844175
5884.173186286074 48.40877800268546 149.4308788856844 5.605612917111301
6244.193940551472 68.22211930127231 469.35435010695954 4.5611359711613275
2434.923308098635 23.756667832997035 145.72635052806615 3.6254096066979304
6528.454242342722 71.02023615790851 486.11121758876135 4.510930904921976
2027.0995882698735 13.804675777874653 90.27462347914502 4.16045818118204
1640.5881168270867 58.07850986919916 387.177784787109 4.629622061297182
5032.021109245634 24.341077865577688 256.9032381116931 2.198033900396096
2360.841640709088 39.718240851524754 165.27331142027856 2.556100516834401
4777.452142083178 71.06690886896267 428.7438891504995 2.462281396862572
9913.6424111563 41.70785379466481 177.6504613176024 1.3648452980677592
7343.5381653196655 100.75811714471202 235.87091250686169 2.2603863456720448
5668.638291737748 21.22694377417705 438.2288339849997 1.4909267188932094
9537.409971610607 2.61931898155383 397.74666622833576 1.7390189412376373
837.3067441641288 33.286073714306085 214.4424037754217 2.3645022894665733
5159.076730293105 12.67984639070896 144.7895038097737 3.920166327566769
3465.228721334904 1.3260597331995352 30.693411810932613 3.4260261496475617
8933.413112044424 32.114584620731 251.50408737020334 3.7504989875171546
7923.466803118083 29.14827999479431 418.4775970357282 3.324807242848888
3351.7117400820002 2.755487241472087 43.65895348107171 2.759349209709009
2805.1527364659405 67.8279134535187 53.081556842903 5.518471310736743
3477.598412318547 28.252074900834423 240.38407115065314 3.2157024497345907
5157.096932498814 99.44804959504452 460.0482409365709 3.760600561478409
1058.658829969684 17.3598950682064 56.96365157700433 3.670914177165893
6516.188091193708 12.040363659761587 366.9094705438903 4.612752622985139
8212.114670383307 3.2670278907871877 77.43863400437458 4.815891723493499
7705.594073222816 48.76555940742987 202.2901097617154 1.8727443483346975
8083.403071095447 57.85475496147894 25.580658067506096 2.842071663508759
8392.27297753054 14.914943585921403 346.44542329333404 4.854175908826709
9281.812544858625 47.03654066995355 481.7768761365855 4.225663919528481
2401.368119334571 3.626598625897625 231.3974567585521 4.6664723488535715
6059.014836733751 39.098930317589776 245.0452147061916 4.633411966759893
9073.466819861333 54.21141761498913 179.63452235371392 2.8671345101340293
7071.710336873965 85.11102049794582 66.70319996886431 1.6327744157763149
8716.024510101208 23.663999188173456 438.12778707656 1.1284639966985428
3558.796836769281 93.37021412489369 325.8134355008065 1.0653090427496972
6031.047470560703 34.34194433854258 389.2468172158264 4.372918970819743
7088.81776435321 49.46815445968723 190.8465582057714 5.372616308896903
3632.25854944729 50.0476498300708 189.8185761453367 4.380764929522137
1427.6059741372185 22.41149322999426 293.2091963114725 5.241077554926263
7582.770254762367 34.0151023975627 47.619079490825584 4.310205341354917
7859.36937664196 4.399628817000933 32.30385475306606 2.6245288220156437
4924.894710730933 99.8286431246551 294.3101514780721 3.246275368140955
2462.1767107069772 67.99009962960626 386.28923361366634 1.3107948216461998
6448.2695371092905 88.38203843992027 190.28289127187833 4.616090258685896
5081.262258268529 76.67919972358614 143.11719513907983 3.5946492548722495
2246.361920392108 87.98779293026499 162.8403903221077 4.583382117819952
6470.532644169215 42.15995724057324 399.90711683791034 2.5103660607271645
3067.574737483927 72.09403624482515 429.1934176269678 4.826515678823952
3940.5260285717513 99.02391290255069 182.2017676437415 5.243808736283741
6319.264184610014 10.24814397178696 112.14935775319526 5.07640959615588
5370.121008025725 32.34185734398535 466.8037135625557 5.397320930251882
7085.734140480623 27.512851227616586 189.19495036625304 5.562155717693709
6869.958117266484 88.84863407139906 401.13791901750915 5.409015267906545
6835.628277801868 49.10576591510005 78.70317678489303 4.903917296418771
6907.626077977062 73.38799724408182 416.5988078515043 2.6479979720403475
4709.587705020162 88.27217087692541 493.7814866478482 3.7793098971757093
8506.649622016488 50.42726395356324 49.03783902384761 3.1133526864948204
9548.844775293905 73.05252247170766 102.11909980103016 5.848473371991093
2593.525018863724 58.972721612954615 148.10500139838814 3.6801841925276864
6452.81697583135 82.47058495324453 384.13224956316924 1.3850787810358018
774.0010101023894 7.812347309690903 97.99423040975594 5.961664928267847
7158.292953478355 84.60915332989747 210.54472404280705 2.95938508662068
6788.339817126201 47.952150432999915 458.4324769675469 1.9209435975854607
4052.5151114510445 61.98351227585781 316.82396680250815 5.4420720852406195
3286.977504997955 48.22800613739366 73.41508270526963 5.77818613821205
3861.1517101806458 36.55644856489963 47.91711805230745 1.8339673871280484
3869.203888940551 7.76117762965065 422.8994313992903 4.751279708221588
3972.6579666102652 94.71352635553801 258.54372785079227 3.720124501687901
5237.789640997804 81.13949528544285 231.8457290160965 4.057310906043267
3770.926358958176 77.64689522178229 313.69863496690397 2.9432846942830713
1164.8151819680322 26.46710888159225 81.81046714933754 2.0274453655580587
575.0471427878565 75.05557069283772 472.5479999176734 3.7909738873823104
1021.9014552565972 96.81585446100812 14.676042560865234 4.3699940046055135
4862.791533920293 9.098650869169122 407.8587304863538 5.194900797715472
4729.078941340079 17.774974214298865 231.711705321359 1.603122020233196
4861.488019273718 54.43560112186769 299.53517882225236 2.206581872417308
5405.263683118694 39.94051183746797 483.42766321347113 4.595803774493963
3848.9550655022067 31.31827111658737 339.5425026630051 3.098023740435888
5173.752645017746 39.080348509044505 91.7782832765296 5.457359117880996
8163.220944427529 68.48817157207402 127.02120114284939 2.5527526511183543
5112.948710476288 98.68789823573756 391.1128981177652 2.73444442996298
5432.864234139508 36.56812048035177 367.0389155680021 5.475533882092938
2396.204089169206 41.59128287901412 248.53714486421643 2.8700764178790568
3975.880913743372 40.27059668171423 72.22933162525868 2.3269332314782343
2311.925770102571 47.67245219695202 40.45390235076023 1.0906002954538876
3335.252062035221 57.688958212462026 77.33326638554477 3.652736247156724
8750.966627963251 73.59173071978276 254.17434986548787 2.580095046168744
3215.571548547297 69.86825349106324 313.9272333367255 3.65255497185694
7501.5493620390835 74.2896936276785 379.54761998258215 4.8222461738862155
4342.702182759023 15.507678663588642 421.7004624926882 3.4442781009348646
3639.1314420115755 63.094644133246405 61.223413465900954 4.010080360915172
1770.9681085476054 79.82769898999807 338.56637650792635 1.8120026503900546
4914.46559546764 62.20724853526885 136.85870837072488 2.1951042035383184
6759.640684743634 18.204781229010045 159.467544661635 3.0585245190880914
7031.754424145889 14.433695510218769 199.4780469725169 3.4484400517136713
7938.730507745099 73.06128108017495 351.5005828200427 3.4562732936278215
5012.032750828133 3.12711174326351 112.2197891101069 5.394719483240471
6708.41611982542 54.68558119455813 337.2457133666981 3.2427877800608425
7820.376547079831 64.76832894607497 311.5191445171874 4.540137411985443
2301.8996972407613 75.1989312161648 464.98241939934854 3.1316148462919826
8800.050199654072 58.42856005764499 186.81492908504106 2.4126630363275012
4058.4139011082107 90.89381791691065 45.604101627387436 1.6031563932411617
9264.454261478166 61.027692025782876 17.293395775138855 3.5565434794414257
5539.38349379022 76.81989231613103 283.0580883761101 2.4519094272942596
7193.541533513961 95.91457864124094 56.919496218462356 2.344662890748625
8014.972877592685 23.02575499654067 309.3292538048241 5.0492713960969215
8380.979435131592 35.494718322110096 155.72712188049744 3.6888640721344803
3207.0875067159427 62.579157133260544 343.40334442021185 5.840295285924442
7817.597993799267 83.62279163529982 349.46602293829255 3.4159998824514126
8542.213942810875 64.74743668865383 133.08624744118046 2.7372497208857594
8272.827141955535 79.0324318298743 140.40615889607085 4.040345288682549
882.7455809263179 13.950398466393809 27.564592453504368 5.264494545022356
1494.8069877716011 32.52528741041938 210.30290949387881 5.1832963860911345
4653.77714623267 46.787309285321285 385.4692872152083 1.7130560517344282
797.4232711801808 34.880354984238004 370.8995495816671 3.0793706032019026
9214.015648463252 100.13925425923163 301.99167593113907 3.797543433512564
864.6038189833507 42.92992984702353 172.30948215503116 3.6518633339706765
3333.87075130638 86.67092068958921 385.10143594506064 3.693974473836735
514.1352552037143 62.9996280049261 241.35144241250688 3.0587305851113125
4931.965544124392 27.677789606678036 434.67024797469645 4.14909761259645
7222.977586915938 25.50907011342255 470.3278862376934 5.494062467080699
9108.978187659606 43.88393996460673 272.61496425741 4.067435840232861
6649.408711456886 55.12127533537456 235.51260201471283 1.3057588021868451
7098.653011195662 3.2930875071866086 46.083752717097354 3.5322093998201556
6468.329371060628 37.119836732986386 445.169112147114 5.1566754463021995
1235.0465910877494 11.394309159157778 392.0157902246959 3.2343046742126105
5165.05138761948 13.952825463782357 460.42978264914507 1.3436902845040601
2112.1182493929127 76.84983195110532 154.65703078404985 5.356454314301473
6501.93904742592 93.94349408959063 205.7473089859364 1.4040666716127972
2322.977447032087 8.233832976117293 292.10732513822654 5.877834668428282
1024.2401155469272 46.424243654966766 245.55816477214776 1.516515911501763
5646.75422195586 71.49889957272583 273.7549500395868 1.270506801466328
4190.427505874672 99.95957786110974 144.69363429724987 2.758959315703932
2936.7863674316413 29.73404856168702 449.320808152605 5.599850279206316
4264.773483673918 60.40495653432008 472.1087936111009 1.157768219136467
546.6965380757188 76.62090768204169 213.73201700735257 4.015745488981593
3693.820240434788 57.383862221635184 124.59737023910013 4.373938166638412
7797.856609290185 82.03075165719734 399.4712703553351 5.632315616251167
7322.826937066672 96.9995197992073 34.98995374550173 4.368086698881686
6540.581489668493 75.73575850083117 318.4502362865335 2.397190783921538
2713.3145403737076 7.43746598698579 313.31924368390094 2.094328499006012
5727.317212402255 75.59611637411533 383.6299526966649 1.0053017042316479
6773.976706478335 76.33022794057175 452.74816968526056 4.1470790395790615
8287.761181513737 6.2562289676786556 37.104661239847374 4.429058510353466
6299.626246577035 84.6776824042419 243.6186895842923 2.8568921066188278
3940.7004050315295 78.82683110866019 262.4760808202307 3.631467364762239
1867.556084139111 83.64079800692063 337.4616454469993 4.961905014283454
4918.836075774949 100.79567791536324 175.11775930123272 3.3694353211268298
4821.860995815618 56.10940361319878 56.63347430334298 4.108817687681427
6028.699379555762 37.111213735316284 422.16251581167563 4.252516482685902
9763.480659300001 74.60599932031326 200.58536706390953 4.828174354236883
1884.1619532606724 40.69701352446344 34.285904605545255 3.9220623810698547
1184.186721896152 57.409296995099 284.54736539626595 3.6277748965023413
8025.036359805969 45.317835406226834 42.902024921631224 4.084700105986359
2788.5362124453827 33.907910082124744 94.29455726840558 3.6281667457824054
5545.832020514182 61.5320272568588 14.282730642826 2.3529381118536747
6732.210535064733 32.83317220142212 223.07791096683158 4.976337717760212
8701.173942515552 22.292671217937496 93.15232396293004 4.298280782945238
6785.760323877679 79.44024077592123 222.9195478763759 2.6970415711513462
4037.4851762426442 87.52729737086395 193.04640403710684 4.6454263600803465
2370.8662191806425 32.740241211835865 19.213745121352154 2.8328739599240764
5071.864145873033 74.72136415042928 163.45048846459994 3.169979864678176
9590.969241378163 65.92795365202694 273.6122408573734 1.6696241034436223
4522.198079698725 37.20487507882388 332.499395246859 1.0997867014604703
8402.801331420047 23.15628487075678 197.92733324442048 1.6060351099912886
848.3041159495078 54.60767361317917 196.61866301310272 3.85777658468481
3862.679307153375 6.300218422593783 297.4312693885067 2.1985143372733886
5455.642580377508 35.98296393393573 124.47146422138113 3.971515388729429
9026.722557974706 15.4109892178532 185.38626392848363 5.061272067334559
2216.997803497202 9.63875748281554 449.23517613302175 5.26403599223251
9463.654276523159 96.83044249674808 297.57959015059623 4.428682966910692
4081.6421458090094 93.06388796362172 59.61829191510712 1.837615900049521
4261.8994063779255 30.62302425865333 151.48268650934804 4.165337396363713
3872.2607729643164 98.85245469494971 112.93710508153353 4.375785409747998
5923.076455926155 2.858024488003329 66.57542465046885 1.0443778848859822
6070.260476228098 49.643646528725235 173.550085510991 5.380892544920594
2689.059243833842 73.66969783872271 255.29791769754218 4.988529426633052
1880.6918455656648 97.29123300198479 149.2918462790988 5.8000696080331595
9561.875437744198 35.83211655273367 378.68401571398704 5.291085423610375
5605.566182712789 83.30937818926117 483.306507106992 4.189587555230268
2994.215527047062 4.266302494450624 373.4154174131938 3.2944661782778697
3095.845758461929 42.72205965818478 200.64759662978042 2.947659819438681
6131.082499652792 29.46858081090734 395.9849058662289 3.618447919614768
1937.2765692375638 59.44810795889208 357.73580902522906 2.9831592948422214
9573.559103067117 58.89357908498906 374.79289381715523 2.3934726596887534
6288.776157863082 85.02092696630942 467.54413138298946 5.459996295589898
8893.178704565182 2.9870406236430105 373.99597281271076 5.489457482429686
5195.561870450442 54.572174117190585 159.258404623375 3.39472465039064
2616.4184196048427 96.54995229588646 361.200690796825 5.938198241155834
7915.105646930897 84.46531949224483 310.93734625848504 4.022095398853149
3345.295420311268 82.69572856749573 383.82251534264435 2.45690811059134
5767.407640569474 38.673746062946186 467.91659855271837 4.066666193022612
6578.444060541013 13.668528559387749 35.03071511935915 2.5988738300729395
5077.7699219248025 68.9474588985496 444.66289489979306 1.6582535482192742
8253.792783242552 39.61760928410707 274.34660550410393 5.820003754487655
8943.077922246941 94.05291164780942 323.5341604107646 2.348130749429381
3087.6122413286234 99.02708986390344 454.5769699350156 4.970656782540112
8195.628471222328 2.015650630396392 450.23600820248157 4.967731571652072
8142.196002264573 90.4020502093362 408.01861376895874 2.0421825447808377
9014.398638086954 66.52081479837956 326.2315328663024 5.3216234218525065
8857.350873508478 78.09261782751177 50.68562367509284 5.6367989061554855
5727.699830468171 33.67063013939796 468.2566435776118 4.524204669744148
5447.695029839142 1.4420773243914211 129.35984221765324 2.635630911250525
1026.7894847902994 91.46135589375139 271.4638696292987 1.2306255295054427
6687.096432567918 27.980160821279743 499.9694734242691 4.03891393528677
7868.874425523623 3.9883129604215797 322.36072587760816 5.835615865787153
9838.430329649113 31.91803420652156 394.3320417710984 5.39862936087838
7071.209750922267 11.942025334307715 311.17158871298466 4.631144827170846
7163.863528589669 29.069109867437202 158.57848217269196 3.689409085659173
5749.593466120575 45.90989111137934 36.83049400523624 5.8401701092553076
2228.5800804150017 50.41426227861941 309.2764353444442 1.7287795881971804
1789.4567926870434 8.89642219816683 483.55442587045786 4.74732895012631
6796.969381685774 57.30830465500145 72.81496474331128 5.3011845939924935
2252.137718726329 87.93474922311576 61.64838734211999 4.899560457870638
4159.837894437251 61.806199522616744 468.1717342772919 5.228332930614387
9903.555373223267 94.35812196030666 400.4021513563284 1.5747540587411466
1630.896335316451 12.354572149727904 50.678856780052044 2.605993732525836
9575.869608325702 89.97120795671078 334.9511939957467 5.642117078593346
3800.2307204525173 86.29101975814032 152.5075722438029 4.967248295170002
9710.309139243414 77.80747808091024 154.8370320550721 3.2447229747391013
6531.398960114036 20.92766008377692 445.72545801005754 3.985394924182874
8040.985645622571 56.244626217730755 128.51279375921843 2.8064226737229765
1186.3561600806831 40.73583437343445 365.1166042897761 2.5752781579171837
1254.4534619197536 2.9000816358415995 73.74469923109534 1.0388861369381006
6609.36477518288 52.1277770107099 371.41470333666183 4.5470184639465
3482.101990255549 57.93193723351466 477.05573821494295 2.4400392884109077
3712.049574560753 83.94312397659455 115.85542823843656 5.796288219306987
7629.236827902325 67.17757214306059 212.09241355549705 5.225725144032755
5443.619715291174 31.950229674274865 182.42825531415227 4.943905078113703
7697.274555782282 65.08620754664612 446.86403729127596 4.418342035329992
2809.1785986245977 1.9839445895536425 51.071215377287245 2.256187132246493
3973.694830581699 80.8185267725667 54.755103726671656 5.578914209311805
9201.840500203563 47.84494673410043 333.2271175243354 5.055968442261161
5889.874336293335 32.43435050986095 209.34092714588917 4.265058508290233
6992.752221571699 27.425199636802212 268.3382187915264 5.970251699379351
4757.328239480133 92.06921845133814 211.39168545972083 5.032302358321603
552.9785625660037 90.90693581324108 169.41984371656375 2.6301675968145313
8391.089431342894 6.775676083151826 474.8277414709278 3.6789632593177837
8543.795687071864 7.078044527926152 158.9945644944291 5.546299583130726
8184.394532396628 6.70102764104009 49.33622347480151 3.4272345575788807
941.1288990495718 93.14702331812722 136.30781106956525 4.10976769011841
5568.702415051596 24.97842275543808 159.17161205032505 4.00027743984325
2750.4756664267616 56.82028764713727 493.5572581701331 2.127075380845937
1999.5374693212066 56.67335039534893 448.38991126188705 5.715158385907671
2329.592125888117 80.28049455471402 293.2712409832698 2.1731041887230425
5212.203963775738 50.966051540843836 40.20160460364018 3.085677834429635
5331.79952907145 69.09642236033041 477.1397568222636 1.858378601567471
1449.0332290785216 29.13787281826291 155.8221048160981 5.291938389362081
2842.959544456724 76.58454791037128 134.45655659253123 1.9485572775683289
5897.245731203225 57.604512214225075 269.44494914981226 3.702417359155578
1488.808568141164 68.87471095408102 449.54351157409593 2.0688785580215643
939.5150198677741 51.002074774394664 401.8103603293136 3.3600246841378074
1467.4327756556706 67.61372529339171 351.5220557648694 5.474979794089164
5604.910630648801 95.04629376136792 400.08669599508835 5.5999146634473025
4975.576651931612 47.14151044884358 303.74183880389637 2.403222442020749
6462.649911872308 36.476952030089684 352.97135326072583 4.34060477907928
6462.2351648113945 48.925811261017294 220.9964368436248 1.735612119144623
2103.2795122450207 100.85656577453223 155.34812113479566 3.8712695332139218
5162.49508078687 37.43884754553329 435.02109999344356 1.8619590910280417
6418.8903648151645 45.36584085183735 130.55640904329465 5.390086746201389
7095.911306254041 64.45892650865953 53.101069322946266 2.508557407808439
5552.31616025658 99.14125423534867 148.131097072961 3.077511465718417
3230.273293216326 40.50196208871033 143.09138259951555 5.069964354962173
5398.096804320264 68.30838866450569 36.30720565151214 5.013743925602775
5608.526091556502 66.81385943168688 56.68400420946759 2.3481778512520393
8832.151544863164 5.916455913099094 284.94728898751674 4.8739943509660035
1219.8167753900634 44.72942550256881 467.02535194264726 1.1194670686488615
3846.5380834866573 51.77567376020789 456.88914100510783 1.6140770132478979
1051.2697965377752 13.433936275390012 32.2105934285566 4.239313203162946
2456.453530396198 6.103062747948384 60.82339262884345 1.5511974629852663
5805.657655392459 36.01908097499914 373.93131355942296 1.0144407794018369
6867.514307836224 100.31951341069649 193.2418198035409 2.562421999098848
7746.755038459572 47.53801983582905 389.55225644355414 5.850010321882755
8167.696019213693 93.8000899351396 33.04491071950328 3.9812966148589455
7071.905572679148 39.42899111264266 454.8128132933927 5.080037971456945
9985.616023932951 46.41107134882868 372.10769098269003 3.0395656335475616
865.3539549168016 100.65051896189536 467.6122378457309 4.8484944978066995
7247.801954844222 71.88461687929957 346.2733566521027 4.947220423034091
9703.761082196346 87.17321733941114 85.1145332891485 4.693909808103172
5011.43960954187 59.1608438670532 19.42215981347831 1.4545999856710847
2918.2595220506537 94.68554600394616 384.6235381989886 5.446397263079716
7462.826432131552 89.50592068382316 189.74327500579787 2.7225097041594384
1809.4943721030493 62.638146295481 15.000753921880134 3.345667033705476
735.4066926592761 72.29420417138473 145.17003691804643 4.720979549480806
4085.5798514268054 15.780676694575357 471.251508322322 2.182801110302191
1456.0713687901662 56.68575901608143 170.91754862424062 5.068145938904061
3536.4242804468577 28.405770408109966 389.459678390179 5.336401558779198
5071.20430975512 48.9636578477486 238.73514532768937 2.044717094412229
4831.679569059923 79.43901113190111 389.4302410590502 5.972443970365471
5096.280494444543 14.00645250242356 269.15142696701713 5.516620445915811
6831.8556603339 7.696202629370351 68.87369695245634 1.392104956476368
1875.2519747447234 66.3110303712002 386.69188703539527 5.161883093977749
1783.16154865678 7.0265381855129085 46.15883524169717 1.606471121176015
8197.339933927102 52.26278699780015 39.587131486246676 1.9238646631311704
4862.130898638698 53.192393990602234 282.7427263563764 4.082979719008299
4170.5371922407885 96.14981703538898 217.40941709398126 1.1510501296597027
2744.3549442427257 87.2850882936611 341.2804966392827 5.215405502533807
707.2410247974067 71.97342154151445 431.6733673407944 1.7862645363917842
3392.934999272954 4.88586834564949 54.794372580534 2.2150573038757493
7073.110880063319 79.71997633752599 340.760749223622 1.0410486027896444
1880.9156069090216 3.2594242476178916 89.56433929747834 4.681553263180841
6786.898570799536 45.791929992701526 288.3755495421691 4.742834219926237
1365.7535130477074 9.38306347698854 22.76177762315261 2.291198766640473
851.5267077502211 44.17444882594437 390.65131687175955 3.4353793558066608
1190.1787575585968 64.90031980957552 18.206495250124355 5.621843761502769
6440.802985374438 98.12720470636637 101.31453599674018 5.011724013555899
1534.9310359012607 47.037592482317315 88.65673681672833 1.72546836807037
4325.5309201025675 86.28877477402752 289.00310689464294 2.281851230041881
5332.210620724133 100.59374035839717 9.164152378620285 5.352146172420717
8748.397834746267 45.67738878821773 481.7435142444917 5.245590806957075
1140.0949764790853 90.32461222948558 343.41261068934693 2.738034904086394
3699.356361106098 54.842107995733166 316.25254858556076 1.729493635821119
576.0966198707131 26.979530787878613 19.533020110985362 2.190394312559235
8536.510999590964 50.101162413956075 363.44461255148 3.431959938964777
1219.828576328841 97.04918479973483 169.31843865772677 2.757169935056247
755.0630256880813 97.20010732748791 179.34200652504316 3.734516138174304
5395.876832217011 35.661300812357986 84.47544851202305 2.558386389750865
926.1452057973755 19.69459667779254 165.29873287269498 1.0125591840378818
6087.349679659158 25.281347216765347 326.71246865095475 1.7105738299028364
2189.473509600144 97.83705211369616 153.60698206369213 5.703064588514069
4493.692268891293 7.772472194179158 6.003485924409304 3.60092134194654
3810.44001079794 60.7114657294525 488.4536709063198 3.349707952575197
1712.6348641903971 43.33635874613459 57.95029102959886 3.8001783819095794
5298.40996631279 26.866682905993454 107.88245262780723 5.990752957523644
5844.14047323815 92.85172215713553 453.2178958808168 4.4559659774082725
1463.648323462126 20.859294913580804 61.68802391145295 3.02819341543981
3287.8674658025325 97.66940775636655 351.709581679453 1.2227360310228783
9306.099397983082 35.10826052437444 98.57420297999778 4.517421837903948
7578.552625789671 67.09436858319552 277.4011346245204 4.88084289266342
7557.5414906783435 87.52308399432633 378.73951721225865 2.24767190773279
6448.327107934766 94.22979744946416 112.24026574211626 4.822919233559643
8026.839683572864 78.7963369947967 470.3624216433609 4.1003049788486425
8335.904677443596 17.784497158874455 134.6590136639459 5.666961305008127
6362.756886413515 1.413075181576028 441.03914697069223 2.7334795590702656
4376.847395077156 44.6204556070404 295.2159687800942 1.8463214896986675
9452.242583074158 31.749807728026123 364.6271557803538 5.359760254558388
6559.352560391357 85.57593275069827 489.6028877512077 1.1594085379689525
8609.226926450305 22.602536415069373 28.463480900642946 5.172843510642678
1817.7621840194522 27.334372886941626 8.389379329903539 3.7966607099356295
6841.651138819041 45.64783152789866 219.60661333514489 4.208946893718494
7996.936678509167 34.278396677710035 121.86082320773616 5.237754056126923
9979.995099822001 40.316003185229334 465.39005387726064 5.168831365383284
2152.8395929185926 16.390338669602176 147.30091619376387 2.894653184653552
2808.6256477272577 50.01722023823891 456.7215682081358 1.0023107779728648
2730.8508231913047 8.918547026834787 349.0032458846013 3.310709286528873
3297.4127838812556 50.34803082554856 105.51237372405451 4.095982016729868
5920.053627703442 34.866168127739726 343.837230225709 3.785438856047138
9874.725875851103 42.617947329067896 221.42079182930496 4.387461414538701
9845.782205642963 87.08379803289138 314.7654213991033 4.229825823342756
6787.936174282752 34.636931835688166 446.54281856616024 1.039410589050457
4072.18617016632 99.12835304599578 408.4827459920443 2.9471032549152127
3664.183708996726 8.120456800737196 80.32443399598962 5.78100575712006
4889.239925765537 25.920160802811097 302.24586393337245 2.536201766939249
2451.4986036950227 66.28762810970963 449.1039123141413 1.2032822434708308
7300.169628237581 30.982879901054226 333.6543582807518 1.714754705516083
1930.4523980330114 18.300482370170233 473.36394944384773 2.1711263912136998
4296.472729872833 57.643586493334766 30.056906401454178 3.119207454712344
8942.715265669465 30.232162093143877 152.7799560965805 1.7849018214148011
7052.777231449626 29.522721128226557 255.55633505237526 4.952781317585314
6257.0479822920215 10.43410901624433 184.03930516144447 5.638170435482491
5764.538351884299 90.03759283623437 363.20021118885063 2.187528236449328
3965.0014984468125 94.73604283166827 344.47322681378483 3.3272654363918353
9731.756067150362 12.123286402702204 313.53924990073176 1.1823236486810342
9720.557347519716 12.157833542204344 410.83593480403187 2.579242793473261
5586.340535021764 25.148245609484633 43.73716906281179 5.430364407796604
1387.027996344601 92.10305027166123 311.88051776276467 2.985775793689889
1233.7537466591398 54.837927603204925 18.99382427502011 1.401666088555388
1272.1709749726779 80.76547789731815 278.26566677821074 4.123770586379618
3394.9705276328177 19.250816984355634 303.1208525512906 1.3804128597447054
2676.819065113147 68.20071632472958 96.0779321692236 5.973920987045144
7864.438674093506 86.3713404561702 30.35719307184939 2.9241603242652925
9402.62851151547 52.7457133470975 240.91804815996585 1.634236256196186
9751.50862597533 70.15075545512197 278.35303558953444 5.280299534984612
8244.213307648915 39.823196755179545 197.87349154603484 2.6880691590285988
6329.035233323256 16.859503478008218 254.85613713470988 1.3014629639212245
3729.005784309453 55.32112861742661 200.33001631862305 2.49975004831747
6874.521859847436 33.994875952090716 89.92685961845916 1.2004156908539245
6101.343193608439 56.42777949189617 72.75922573354379 1.6531336514173418
8985.10669368565 12.860570706083994 193.15874272212636 2.7992785724303557
7994.365717712319 15.831693361760145 376.40399041451184 1.6498619234589853
9601.873953272381 43.00693461156565 266.812308054553 2.7586539974342474
5013.268141765247 98.42583952397428 184.96600204716097 2.4787146661709127
2597.799088946821 63.2619275787511 234.15267721440296 1.9484674072538817
7387.900150645489 17.012557375498083 236.52616064578913 3.3419867133087786
6709.114342706247 17.925068014226298 82.53884000152904 5.551326629431907
7739.899147065048 57.97853188365101 466.29658754533136 3.4694239323047835
7320.934927606443 17.23438001728401 497.6151448164055 3.4062888368835007
8570.843856965368 86.54815941006618 134.45881290149802 5.808045176884319
4926.645887778357 44.406847198080264 224.72615507410424 2.3195886627019386
8736.889197761217 40.14208073374629 420.0838502318612 5.393451334669923
4895.29374157974 14.915242333094602 284.5868053365934 4.730716241686039
4027.112232640523 77.74159424089673 83.50215689004241 3.2843996375574624
7629.0899702489905 11.280976047824764 114.21106769003516 4.946978735573644
6520.230033498723 92.22706250121395 168.79348411060184 1.1800353427878516
2131.1444709216985 74.17788128916891 356.80815812286716 1.6951734851837277
3597.3241668865257 94.72031739513527 460.3432655088026 5.793888095775621
6167.761643458507 90.2629085457619 191.21535118054058 5.611225826563005
8644.895054080815 17.380558570756754 281.4617947414213 5.989346495495831
2612.613530668266 42.64600784104272 143.62455093582776 5.451707101753739
6721.6129758803845 40.306173666883325 231.43140659277083 1.7997388449406246
3282.9473831322534 71.61503524324132 194.7962139173438 2.79726425474576
9695.001545427423 54.669650066928995 242.33167792021734 3.17740012589383
9219.76007988723 73.0368814651752 263.3120470305571 1.187521503592201
8736.396655285822 17.509883156358285 184.64104606228096 2.508374495382989
3395.740081279248 58.220271330638404 278.1179465672734 1.418433502336335
7038.618537312698 12.33921721209077 438.7212000974427 4.16396143043257
9168.311692281657 31.96823351236575 485.82408068261753 5.912969447803842
9054.079681145022 96.56708089129285 51.40551782210617 4.161587847725752
5061.519058927819 61.65119765389586 229.88027590851763 4.989132625230638
6935.5484461929 23.436539152716904 218.3315324444433 4.103011596897542
8300.863274150623 7.539668103158036 343.5048998031897 3.6685044884746567
7853.493159194176 68.51504836488405 246.426551816938 1.1283034280396729
9236.794948457695 38.055205484467876 231.53569943647105 1.6447336455839126
936.1251331609867 53.63975954731953 29.872442466243967 5.553190499662952
6266.98458267772 39.299906059892905 31.363360524965486 4.743764976468572
6608.746430480577 43.51631857847609 385.4862487826848 2.982110641220829
9278.034545803215 49.03936536629703 246.72499971018854 4.813353186371393
1767.335318963233 29.8967425742371 388.0558963594147 4.04973844589274
1472.1001835939353 55.63718171939364 229.0470271712812 1.463873714221275
8779.05141474088 17.467386369389036 182.81048445630978 3.0329832112032835
8371.269916016929 33.22698887892058 105.65699674960047 3.50911421056603
6226.347677111547 75.37545262697955 442.6796576615572 2.5898063477737647
2585.2021551724824 68.18073450056221 110.7036191539178 1.716202208374845
7878.017765694342 23.887705646527003 209.85417349237855 3.9700758417511515
551.7586941518409 27.771197389118996 260.9555386083518 1.5378233873814076
6474.855703887581 31.246483578028982 57.695130435099365 1.5596086827956903
5215.4436004017 40.47724391818698 30.463828463618675 2.6652612800256748
8543.867702227955 9.666314592764346 77.3009500968242 3.3672165004403958
3860.7139652111814 85.8490228466864 500.7935327881374 4.383528157209147
7657.491189327877 18.962869749080646 31.825270092386695 1.5547420834051113
6501.416322084007 19.00674510957293 412.3260157999684 1.0340444649471956
2516.0074861678204 22.950336987623686 377.49157890907054 2.8036862601405677
5234.145164100984 96.0229151041704 33.930654420157865 2.178203091591211
5013.9390634613155 47.97191556328962 217.47046542231368 3.8740973330681108
2365.466887469762 88.52841781428307 337.7706843192585 2.9170653762588548
5239.424235849671 79.2917125714903 451.41742417554525 4.260109104688032
7325.1641354250905 22.344743924431064 445.56844545611796 1.9468597147491797
8415.300881057534 3.1882220127256713 435.3118245113777 2.203141048371512
2916.7251495695573 90.7973417641223 20.479064934406402 5.333492401940414
1288.4111781305078 78.1255286914917 290.8369199638957 1.262748107459978
9495.701388300535 50.190735964971985 86.73306643255998 2.2666574522770886
6081.693206690988 54.076712748990154 350.19370152242436 4.143946721160909
7698.629847536523 25.869177465588088 289.0772668765461 3.6282009218932814
4035.2240696867475 75.7353412955972 147.99520424063013 4.969231534461666
4811.449391398561 42.053990001789046 55.19324255515345 3.5811379288162066
9811.04383503107 12.838890817202309 141.5386516577615 2.797206077307483
7411.620439743768 38.51046089678167 117.87428360573064 3.384223627069038
5241.374843020772 83.06788716557254 262.8485820907403 2.0147092055549805
738.0000460099498 79.88456997153737 500.7173993979253 2.669488172633228
3662.5499668577236 32.96520156548452 60.72024191642912 1.5555522206200914
9556.334561817283 78.65797101903689 312.10890408559897 2.721997886140051
5689.4194748244145 47.09170391917606 314.61774639132005 1.4696666136425858
9401.584982971195 96.05541237788381 341.77118470418793 5.185782007701431
3625.301035318652 81.31079848941019 186.49078987204746 4.627879422458649
4556.101297543609 14.421467042374013 388.26763246266034 5.728969414529859
4037.2688808736407 92.85108578371268 128.91522227609968 2.6990984247116527
9355.533728617438 73.64556613876374 110.55327992714741 5.754436259331129
804.1389736805525 36.87162543625495 459.7332381213061 1.5809442077543192
3561.7513740562454 68.79981777926871 395.5824370820892 5.28752746542013
6693.269778210001 49.948937619983276 399.61449730032973 4.257473672883284
6778.571842061101 28.470592654621463 116.56439431132527 5.835655998627889
4447.916887074206 67.5822218124615 360.4777713817782 1.357384760383348
2034.777016279349 47.08135784870521 125.86413858861954 3.7499108575200433
9795.525432847444 61.899040356078096 172.0503680048173 1.2048969503181537
1469.3510715950122 70.15319340591701 307.7009920400008 5.458435448928746
5150.963394985357 12.72616877052195 359.29637549608293 4.808397719448095
855.6709543191821 20.825066371256707 247.3740261898552 2.7456374230042124
4186.214260434082 79.62037742316103 469.06153996020845 4.387100159319216
5609.168172548277 77.51547012435144 464.16250878501324 5.958716452948956
7739.70440382577 52.9446938339567 139.85964729417398 4.764661523863239
2603.8446691252616 36.369969983552586 302.48328228568784 3.900174061765112
762.9529884756615 71.30303650472925 131.80865968593167 5.285373191099197
3709.6679571033364 14.687426068283115 436.2573409914508 2.0565988577795418
3174.0976959682885 82.34838573148583 317.61259994756483 4.06069962069747
1287.8876972860512 20.99593259986967 380.4164812232351 5.392978587834464
1178.59173953635 39.957442117320426 469.22281660154636 4.0122718139249205
3761.4491369048483 58.56470058317953 112.49005500471011 2.959033554075489
1766.754991067483 7.881608412528495 331.19787108144556 4.725724130627835
5529.064382824156 68.15977343471491 487.42263571107003 5.088708025010974
6775.186476354989 27.16549353203905 127.36124963719546 5.904911968033985
8237.892706047236 5.611687631089312 159.10900679157905 3.6832199346019614
8844.38107656026 89.85864097447586 414.4264804551332 5.758107427408355
1208.8630214650595 94.65645833361428 315.26359752506676 4.437303559092349
418.29723073291063 96.88441229749338 78.86913236447009 3.9498943001125486
608.2212945111928 76.49459618595232 362.5902856330756 4.46096716913439
741.4470694955678 4.485160215168626 51.268484808874604 2.510976538455997
7539.115034137592 77.10587783524359 14.957235725902905 3.4568241721949153
4412.180949681058 36.610948413769236 9.167909509451778 4.962370206316589
5481.758649196719 40.64217755600543 488.3311732708945 2.9055688880021213
6467.830569297732 54.19819823401916 82.50751955101686 2.7330280626653356
2295.6800474605807 92.84148393850448 132.25891450526439 5.887317713127772
6440.906522302869 84.79578419081294 439.9127290397171 2.03649546050691
5648.608911561628 39.570235236701365 174.12279841384145 5.600278856952952
1697.5056856298515 74.80222642829183 158.3750394215524 2.731514064959974
4531.958567226611 11.077894190013692 22.412226900794195 5.034679663880706
2624.9143101782147 93.10490501591026 225.68334814296807 4.285488763640986
4806.50507063208 97.66919084190354 257.76862911246656 2.9012654073398765
3443.2449545505388 89.64856469916377 12.652198762647117 1.9534493881594441
9448.536576456852 4.160289745409606 322.2465887587311 4.910365608223398
9738.055695478773 59.95677749506654 250.79468789305378 2.296740303184106
5681.377438371242 72.14239823608945 318.5126088231326 3.037960660072429
450.7064232338308 40.49983854127106 70.39893354659644 5.516442640844691
7273.089735253835 75.74926147965174 129.7461720416896 3.015986763181096
1137.7038197826791 27.721188046454813 471.53514761288244 4.040893921021341
1755.297695604195 9.89606161570864 315.7370786613049 4.040009482530417
7860.221830252377 82.24073972205488 321.64188268361187 1.8621556574563134
8194.285343394014 32.970522173627124 464.7616100576299 5.521232623039041
6187.111364357476 20.047660769414698 159.062762419439 1.1935503157466
8779.810344058234 48.419948136910875 419.68805265071387 4.622563389765849
2776.074404147379 64.24086611161718 325.02444322075104 1.7532473231891523
9916.803255642062 62.85967481245621 23.582680740589268 2.6392275847851554
5582.799196903605 7.998368610113848 443.61089706110914 4.9542173126129665
6508.329644535544 20.061383143328015 63.78199566547995 2.920451699965114
7483.062068904796 34.9449795243889 208.59440933018817 5.288757534871916
842.7713988524238 9.858027956535675 362.63715207494965 1.715343918381628
1674.4143001614577 33.99247931294181 249.57726589400775 3.4793582026933665
7289.207394201278 94.58325524983412 106.34501519099749 4.876803853406065
7736.674481733059 98.16051095164767 49.576152868607664 5.473242435463963
6197.854967681134 90.66622385526938 460.62776440117426 2.9136567720840185
7295.162125466052 91.02596718731243 211.49202445905834 4.984867410962634
984.2950982484246 23.510069126324684 355.43268754513633 2.162983218268923
9864.283641335174 19.531698879596203 481.14667152887904 5.141568832465677
622.9755225887649 25.43820985689973 441.96629722085015 2.40964089342174
2249.6352917872664 51.212854285738054 348.7821821941836 1.418028191594773
2099.320203781169 31.50433913967705 247.67508904505425 2.734233621400362
9706.341484158467 29.834276114126645 455.9061153736719 3.714132217852472
6526.147336658628 10.098890879923827 313.41037977397735 5.678373102393142
1312.593471366914 62.40099569006786 312.67182829326833 2.3499829460284873
1640.1768107449905 34.878945202167465 108.88889964840362 5.509228253941293
4110.716107125512 97.99414155194495 40.905806349118734 1.3363598266071965
638.2104468198523 3.494559355178194 334.35583506152517 3.8044180828190175
2150.0245478436245 84.44743279277267 93.47941670354483 2.3969756484869595
2420.2883582936256 55.339295916906174 368.49507960821467 4.201749714360226
821.9459669183611 51.12799694084988 303.7683517893357 5.441715360417945
2016.316823135484 55.1360074704674 293.2838170488524 3.732741038895619
3314.6148155617016 17.695484066384616 318.9951243220834 3.0420997725233967
4183.538927762296 38.1624571204068 399.5775716580398 4.029018796310137
4856.400827112594 1.4234486660551706 357.6063527588931 3.6690206104779817
4086.8821542497917 54.46995958184076 138.40951043512212 4.029400405107093
3635.592419120493 85.27765992043196 300.54332990333717 1.1990140245798733
4099.899017111917 78.2586899701732 367.71536785730467 3.8737292489290005
6006.045261748315 100.32059929671533 152.11818482894193 2.3627636810416712
6303.353676141204 40.9153155024993 301.6252060694917 1.0264440116156122
9431.769103531413 68.07563729732927 200.75709439169808 2.2350622717271746
1654.7656036297485 4.924118202441584 162.51717538598533 5.485633972063888
5361.767840211199 79.22673667144828 341.4110869046373 1.5891625930779965
2974.5628143373137 75.32639684070881 53.37829139237786 1.1873414363732766
8966.505679545653 56.50045617127225 354.0132524284667 4.453463284475676
9526.228928471715 76.58149419079916 404.0846492902772 5.47356846018896
2682.0177849894994 52.89016107738175 101.77379864820874 5.7111058992357
1163.6315973766714 38.096239635460215 300.1708743229906 4.147449738241288
8474.24637655019 76.71320492848488 10.898881801779257 5.222710541551161
908.9386629777932 90.41936823890306 494.427242424175 5.1600843375847525
5093.812242437184 56.57882972184025 354.7927510691275 3.0816929794558146
6165.384117680764 86.78871050216969 153.9151032907809 2.1584270526791047
4062.234211716092 70.48845117029376 338.0014604832729 1.03604914184328
943.9919847559075 18.57822569752302 377.1485179819157 2.848407803794407
2148.025027579508 61.353954779043185 160.87768535616027 4.338949189193844
8001.976762203881 76.98902065449927 331.42487091957844 5.596169478865027
4912.998311507615 57.62972760639956 479.7372578293425 4.784875094299962
3331.294299094029 42.395394161689104 445.52043328354 2.6852232585778397
1113.2438001700675 62.998246957932615 5.434544614711294 1.1133906780083245
8799.002793928339 23.988005457178097 214.87156591052826 5.778761129196345
3787.2346956505635 87.67839359613062 399.8540036684118 3.437125576365096
2236.1526065792095 69.2088946400377 59.35946264971619 4.092824859603904
5517.403410177273 69.55305094371197 88.5953301174632 5.695467861309786
812.6558620344076 59.9662997664252 404.07829782831527 5.584093137335136
3745.7480354375043 93.61426436841222 290.6660554160999 3.125209533602865
4429.450267149987 82.33359880077813 50.91474540308073 5.690465915989609
7812.831133338398 19.938087278235628 277.58642666863443 2.351515601095244
8721.64142198212 21.52032785362887 115.07420578950236 5.25621886885039
784.2036431947416 94.3283576630823 368.0020451930617 1.3677506657069052
1784.6277266852364 94.06139595329495 67.27570304325495 2.727274989071839
780.3297817997511 51.77213568162209 160.48876202292288 2.5246916692614136
2687.410150240016 85.67281138200342 90.37680323424036 5.345179532836508
6790.560014502447 54.85523609920618 315.2667500602752 2.77539311622425
2138.8456385524696 43.900329902675 187.60337056692788 2.3078979114458167
8734.413413704302 100.2824336933613 347.31522080891233 4.1114843869214575
5161.962112078472 58.93627077432446 481.01774346883195 5.9369455287798045
7812.189023447255 3.684366852439979 292.9410880463409 5.1231484670972565
1075.1373044907311 9.75596089604418 15.786363336876676 1.107062474000788
6724.860098756542 52.08516157222287 455.0023632414078 4.364725289811513
9470.916372258662 13.548796095789926 286.3739115421646 1.1982851327518702
5142.875410590568 24.927000078344317 410.26569544821774 2.110234080007453
6078.083501647326 78.37146407847673 374.919625423337 5.840553526914638
5819.303560652384 97.63889675152075 383.08556781201554 1.740640448366006
3691.7718049988844 57.67710834294728 379.41273198540046 5.785785111575575
1907.0903179821614 89.69708278618104 223.77562515104574 2.4730867214969923
4864.524783162109 53.08129601041224 243.30058452694655 2.487622126167781
8638.689568840651 24.317438206716968 352.4984860247085 4.180328380432984
1028.3026350146665 22.18276084838344 286.0074894602727 4.848911725261077
2937.1749154857935 65.77177985626565 294.77556755474507 2.3682047868446117
3987.1204633551592 61.796504797068195 224.43455063975588 1.1436462451245162
7413.053232937457 68.3179332867669 429.10957259678645 4.895152680562347
5906.817840989163 45.47307499836995 399.5252830359198 2.193916752355938
3526.338611825946 47.42914492375678 136.7667311976309 4.0987031521981905
1553.1114974414684 66.12804794267308 227.83792838946863 4.421893685644016
7552.229147914958 98.01482116168975 62.28040681165329 1.7108898108183648
5358.598164934641 40.009195747112436 307.93707073007164 1.6685530817275098
4343.682252867788 78.3175989106097 278.25852105205746 4.321941163801798
7198.490404112853 63.66781069811921 449.2245543465693 3.5195322932475595
9967.804957923774 33.889544331497554 472.9023946776959 2.417072856324189
3067.1737597024858 29.219444303068407 246.24630127296473 4.976983182375808
7785.785199837163 99.29383058173006 64.32009353117175 3.8453091995105613
4006.902652856901 19.68519419486625 329.9577082587059 2.415569109079829
3941.8498928387235 20.81060194149379 165.04007461578902 1.365825883163784
769.2453673430814 51.86690656753492 394.07930567645786 4.939924253825804
3741.7622748710646 40.37281475320017 213.6484454591969 3.9932357404055185
1761.00741369577 61.86056789185174 458.44674344500135 2.1771875439509634
1982.701625237158 57.20800111074693 474.48154326563224 1.7685820551608984
4937.973196880953 42.34600688963525 424.82763425915533 1.6769902295724828
5751.089813715612 91.26563362297487 100.85197392081517 1.310706161295865
2651.708956067262 22.16500644305147 230.46464722394913 4.0159954755563865
8040.3891279443715 52.58070925016172 242.16809794672557 3.749433566836807
585.0542095145555 9.93355229520031 114.7792840128579 5.3063529221606025
2209.9299193794886 28.43788331310313 134.0699616049469 3.057057175001828
8674.637291686167 13.609147107164553 103.15931473629308 1.5569808087543615
1921.076468839014 29.79521562576771 250.64703394213316 5.2304592469677225
3057.4920536902227 57.695581794590936 362.2227913556269 2.5312605074008534
9712.137879218477 48.20337394572418 85.97056532506647 5.538540979133549
1894.5034483679296 86.32219766772945 450.8284287907969 4.760513574023026
8085.268999079545 11.777899381375134 267.36366026519397 1.1472315798034325
4796.226839435245 2.5520385344123255 167.5549342519177 5.913614466926711
8665.625743111297 55.07499720474871 203.5915790955389 5.829126574022506
7848.480894903131 17.285448179213002 367.32463097019627 5.071522926472996
9829.39941555251 33.473363766238464 223.78026782342846 1.3218019663529041
483.8348730301961 81.92719133087051 313.9695762476766 3.721720438624306
8370.278695673633 82.42651286015807 377.41031308766674 4.836235559543995
6095.578695103054 51.03289451680972 76.25459603641511 3.6600130000236395
3052.823303816355 99.33548722767614 127.98165670691044 3.5558186660430833
4702.33253408379 59.46437476989386 136.35233315291845 4.982492300775826
5590.171506882886 78.47620460973162 216.45054079993326 5.981582565746971
1248.057642564204 24.744897324947466 401.93235746538807 2.063374718937527
4409.196414544668 64.13741843679168 200.59888991837752 1.148030373294683
2446.729676118739 72.45951661184797 145.55229007921622 3.7678038026674523
1091.4127313060817 74.68523060346406 290.1566609819198 3.987020558089974
6134.3180888358465 80.39903646090055 293.3443384367207 2.1434872902510156
7206.679952856711 50.53132326459737 207.55459795126566 3.08828164055652
8186.359244024634 96.96863066187349 194.2491396428594 3.800344501140841
5689.56317336606 65.87063673506056 491.18682308538536 2.381265767670519
3447.334106753563 89.00566169974688 328.1802141855765 5.0303929560000515
4481.4208447807905 30.55819244155865 414.30518087117 5.63420698302314
8746.183402421118 42.97025568263767 105.18086098538339 4.176252182542662
3551.217565877939 71.6649671580937 326.1987213239525 1.3756033807104453
809.6533577257987 87.44384092612805 166.28062609044756 1.6393675011938404
3395.299600882243 90.2025642856068 132.92696199616807 5.837183631529711
7648.224617911767 31.514613516597645 272.5438425183539 4.369958095918406
1808.0134345995364 17.411479633735826 178.12384368448048 4.695153901262396
9428.186928896235 57.026778721147565 15.649877829883966 5.4194977372932644
4960.993686487987 66.10652253539449 259.56556030032635 5.85070153542764
3135.003279217489 48.467022978218196 396.924538517501 1.7110933765410754
5908.047183663167 69.16597591862484 59.34736283215824 4.797003379016987
3307.519390242458 54.66397247210411 463.47819725864696 1.2194176486565507
6853.013581429258 91.70192014674336 353.43915907979897 1.5271645324650365
7047.372129898837 15.253890936917369 263.1681952712617 2.203972375036871
8452.403204027098 82.1832952536255 34.6333496218344 5.657479795099103
1471.2419138931898 42.35075347693288 37.415489043103925 2.539640991545891
3101.49090984698 16.28922195262735 193.75861919181062 4.888234367219019
4529.438481404878 65.94540535859583 455.1374976632735 5.897079305540067
1453.2884971485214 75.09857274550211 31.556263494650977 5.9680844781947275
4569.874390282263 48.70400677147649 222.63498089568267 2.980971867279975
417.16404462704566 64.98598166631025 431.5990159353759 2.539184429118997
6081.3322606995525 72.05978154001158 481.3604349580049 1.0031515759818945
2045.0516866673224 22.97034314673878 478.6219742583505 3.1430615557526274
1776.2806170744614 37.37630903759689 216.02229560892957 1.3947579735522928
6736.196269142463 89.98743207693751 497.92920412547454 5.989328017917586
7267.443187377565 11.649791833869216 433.11398726092096 1.6198648163939424
4468.210448279146 71.43467837983901 269.183337125758 5.011317506432893
2214.1041278516896 51.41884608513209 130.1222937933166 4.093295850026177
3726.1876440543815 24.226238177754 448.6778374505301 5.138441306252641
5144.378289610667 37.532944452418384 251.53669910585788 2.206789992187492
1467.4668227771238 11.426498019111962 238.67693957671597 1.4413788237995915
7032.656776356335 50.026872047711876 226.27283129943012 1.4874830614742087
5050.993019812562 87.28797746641038 138.8860336159396 2.8931986075038343
4872.319468964688 60.952631717489545 102.91045989733969 2.9362083534663146
7219.5919282300765 19.256282368315603 55.63014369667222 2.430301533204288
4430.873077472405 54.5896911455901 130.65149379211772 5.6838520169735
3707.7477460102273 10.333436819754082 148.6689703948335 1.9879938362867762
1100.6542876516623 31.508188234262114 43.298270835550625 3.653528995548044
4802.983930288383 60.2874197688122 51.3085147171316 2.375923612020063
8398.41283176438 74.58043892813576 396.75834971376037 4.894410728744155
9637.82040066121 41.798376504052705 89.8804247794554 4.601118467689387
6149.738331481021 61.86770330284901 407.27218874691135 5.457475936023846
1244.662789526739 76.04145850985185 248.79670320775708 2.3465778636762122
7097.7405656744895 90.55921943713344 135.15443237727942 4.9902517556962005
4121.256435920469 68.78589876717345 488.0460788020898 1.2801220822372268
3912.4063713269466 16.57812621755744 308.51193685139685 2.8408674945899968
9439.455128243178 24.265571937332442 107.72658493585602 3.163359084358496
5116.037239448814 31.426453492363002 480.07274648242003 3.163683552041979
7149.6627475651085 40.33612157357089 215.30354039357096 3.019281527392161
2851.3991301953697 58.21305450701437 132.6019156102002 5.919729674320105
8057.142832368217 19.32855624780049 131.7892677553055 2.017266257342473
2352.1099416441825 96.05155019829884 418.81528833490376 3.4536742198275645
3072.3873608603467 8.152404998817818 478.7586750356625 4.067455091629932
953.192732706963 21.149302635768496 214.40121782036508 1.5216487840787694
9058.39786723811 26.268734046011886 412.58893830006906 4.1570164490961385
8802.057901198672 35.51530033076201 237.64664112870506 3.835687794337978
3313.2971524720992 7.882835582159119 276.8396865198122 3.186202226568115
4154.825178541356 63.4392221636546 135.90787670317704 3.803681181755056
9200.415399566184 95.89917641265542 253.31846047378133 3.9030549692493226
2459.3230982172413 31.44267966288736 409.1913068647463 4.679534096758324
7448.425904825189 89.7003003332667 191.90258545042704 2.6258986980588865
9458.205150593602 30.546412804213908 87.58573731386393 4.6258025136318714
7452.2632177115 90.58262087909078 445.15872406981094 5.869261201391944
9044.906765472388 78.2660470011767 353.139136516242 3.637638163703752
