810099.641575212
4212540.645308133
312655.57060614356
498822.4822013768
2370806.5242941095
3479188.4429433956
5185497.181646101
5988921.608400891
5956888.942085519
1403832.0145478253
753807.9126917376
1374313.2499322544
1453213.9406658926
1231270.7712283323
6001697.570689725
5932629.798456677
1278133.8589034346
5240501.343335673
3527127.2075091815
3895504.0966359447
5971668.286576311
5797078.326114332
2950863.378470906
971118.4372393021
3292425.1274839723
4572402.694393063
3455855.5749504394
5568748.391844888
5597089.4758674335
4748082.900348748
4512335.93341782
4437337.936944259
326534.8100525141
2495087.883452578
2908947.038297904
4365462.640040671
5913428.448516447
2556896.787840098
3667731.5961992214
5739824.432458908
4087904.548736361
3378752.149149039
3918463.578040211
3071217.4312662715
3172469.9378001452
1124793.7882522997
1888735.1188991833
3417726.7352763624
3695793.1402317407
4885848.651262166
5254032.798014715
1966908.784561836
4876103.840688676
3364759.0312795513
972760.1850283976
4419601.339158913
3893865.948751435
5025479.882733857
4068385.93064813
383380.3718501969
4585657.319348178
1176468.1819545054
5907780.026272754
1619097.2887837857
2192487.906127575
5170040.363536435
2593075.447903491
4825510.724750385
571830.0056247452
2692450.773126771
2721331.10369018
5195980.401706151
3706254.8994209883
4410568.146634952
4791892.01057572
2949712.160001852
4137208.850745301
4329521.284885743
3825586.5505902227
5263306.059058151
5899004.600988745
4386450.397983581
1153571.263512639
2030388.615893999
3210305.0775739853
5887965.31450446
751611.4833809236
2150070.8246487896
2887077.279669126
4831113.772926884
3671375.404415668
2187266.650154708
2786848.2805770724
1102850.3237322008
5445535.928874753
965834.4058243975
2298258.566169253
724804.5179170398
5770826.4930394
5454596.825296232
921865.6784047603
3072139.636295276
1041522.9998247667
946644.2455600763
3337568.6263574813
4564052.146628247
1325593.7988485782
3546068.484022682
2586437.204053799
6003188.361569039
2891972.842486569
5726553.094363779
1332248.2271800193
3427009.641552544
3041010.522462889
1630909.2746444868
1187213.3938487542
3558277.2632938004
1076168.0780776858
1246990.5114328824
4509386.981673422
4424110.919067747
2387420.7663266556
1039860.7987364893
4393456.013622871
1925714.9352397774
984495.6400991868
5816545.1924066115
4414399.736497706
5814481.56653792
3550832.9219851336
1327007.9927099696
2798461.617547746
1221636.5347761812
4101944.7615248403
2704041.478932489
4321630.030113841
4387476.27821202
1906579.4946271256
4620998.569895536
532498.5808438403
1798280.856839122
4772425.383110997
1711016.285533981
3167969.5316085014
454307.40653454856
2074440.31593626
5231455.096988894
4052269.2218237147
5811642.922315157
3951646.496162771
2533482.6292091603
2467948.425351601
3742160.8037960175
691380.7377825327
2184297.0046079215
4883402.535744473
4476986.085105277
2376167.2660773476
5208674.824506535
5364219.243335931
5362213.746151003
2930706.1604491193
3350587.999836696
4104965.4866604316
5094950.238936962
1165437.812371152
4933928.356813175
3535701.955795645
1900283.4388344653
916011.2380611497
3437920.796895115
3332640.9366270946
4217179.514108432
3271606.5948342904
4082579.9634183003
4439459.915504755
5573740.824860401
3385507.4860688923
515089.94289601594
647150.7181225054
4929910.155471725
885103.6042549568
4859289.342899934
5397412.740520226
2684771.2196140424
1273661.342100681
1060644.8696312166
5263141.279405311
4262527.657687612
2600054.6102611287
397871.4504269925
4810052.923274944
3795722.9581148443
1846359.3257171114
583071.762081734
3808236.717695133
5665634.525853864
1797498.1365345696
753962.6509297495
4952357.789220249
2187470.0719696493
1508416.193110506
2097009.0888566403
3236969.97768777
2932957.676011605
963014.6295074152
4194674.73604567
2696695.5120088654
3402106.5501160254
4605979.757269791
4953256.29542347
302425.05457253364
4455909.411429042
1489855.734350677
5062275.017454644
5898552.967999343
2926147.6401819936
800505.7790836375
5712906.921103844
5418031.842386787
1442525.1320478339
2110663.4960993687
3627976.49262741
4941659.551066192
2941746.867464171
5585452.120089864
4744459.308436996
2672418.9095516615
3365346.6914847847
4413084.598995127
2707037.134440897
3916586.2892601322
5834150.564610916
5211805.700211454
4857340.400707914
4899227.379744856
1349619.6590775715
2731593.432317067
5105859.779920547
3546111.4235557998
3469553.798325851
4700890.965613091
4318760.888091729
2811400.2918242877
2796879.370768333
5706566.998240105
5283589.57624126
2774233.1559996046
5638617.872660748
506302.33629810734
3270274.0817675935
4219757.429241322
683308.2996515983
331059.99642901024
4002256.404108839
5834792.1005560905
4149488.371143653
4918208.402360197
4001575.9839527775
5147428.13340662
977866.0439345491
987874.7445731183
1732940.4003968742
1563333.2774016517
4257254.9270255705
3083691.358527712
5215229.920093357
330753.2673222392
2907411.896752632
5012067.992649803
2545115.711336797
2289858.6937918146
5620357.29392888
2499911.8337729876
2411052.275107126
3935698.8822749653
1500963.0644956818
495362.628996713
4265156.032975959
1972734.6432356262
4653402.243840192
1101364.9012029683
2497710.080814314
1189977.209806532
1227719.424008089
5622190.109973705
3855510.7433835426
2278402.7979837186
617341.1356733663
1228667.0390134875
4479628.127506191
5786918.939222292
4062930.4572659526
288640.10670777434
2525733.07501218
3441908.948748526
5318090.543169627
2931213.360831193
3625000.2507000216
3032638.3011103435
4616547.526541154
3528820.2832476604
1854848.5696126765
1481361.0162873825
1858880.3516263668
2887300.297641102
2612712.5894652978
2428880.0188590796
3342340.5992485853
4018511.082943779
1544440.7643542013
1449127.963254995
4195860.039088628
4494037.974753214
3018908.8790623154
5306469.982144519
5062625.917866808
597839.9553666842
4601817.804562073
5190416.169598059
5341640.419184451
4593289.431865061
4152665.654532743
5424782.791245834
5350269.593796816
1068923.359743787
2502461.1379893865
2272919.001249098
2962729.547551149
6011547.135022574
3223423.0921109417
2936829.313225372
3245923.8288176735
2772042.2097005784
1817868.4763153878
1349472.803575052
2071637.607124356
854166.3190488841
2928556.7260717964
2829222.750810328
402694.62948611233
2001656.021507303
3585758.6463575265
576688.7456294099
3561437.4748649094
5732079.3980539255
686392.6122502201
5194568.482530426
4354110.377330751
1260149.7429096992
5879701.170837104
668008.3121369361
352707.85974233784
4353316.239544977
2925659.780727571
448000.204394438
5129746.5562387435
806631.2425757323
1477363.3779545478
2441586.2488671434
5462261.314537337
2473333.719497286
1351470.2860337563
3134234.4136230075
3343956.348436275
3563413.847322774
2905584.2653315323
3129250.370729569
4068552.5731777647
1988608.6914606711
3573898.655637587
2426661.771053495
3710572.6947947214
506671.34085338685
1701412.9399658802
5273983.150157987
317132.26160148776
3733375.493905021
5586167.656943575
3661101.176255788
3860065.379943019
2097776.095894155
5687796.950714299
3285897.8086970267
2089459.9087587148
4619377.037778146
2169835.562614331
1877236.879153438
4275869.670954695
321071.1323791552
487570.7517428814
5787872.046449156
2380913.4402439124
2826792.1929193344
5615841.374979988
895458.4932471378
3324670.720083318
3905142.350917076
5500611.57582785
2253704.13398239
5160046.237000518
3583893.4612559727
4615243.966840254
2571849.524029554
5659139.596117182
5427008.056698082
4141019.4190797913
5562874.495189857
1103635.7089346708
1546405.922875297
4187612.268666851
2354640.274776142
5551397.568474647
3636403.8140667104
2402050.4641164467
969343.2128777258
1981197.798929334
3372445.0805253466
559567.4019144236
4609022.223586331
4773460.0073905215
4349976.457989083
2992922.9462550282
4204587.263515021
1523482.3625930098
1737843.8362338736
5319156.60332071
4360302.8881105585
501658.738766796
862958.1468227514
3761741.7080376884
5970751.488812709
3524160.0640562326
1036504.9506393442
5222286.4804300675
4238497.948170389
801633.3426783901
3432859.118908701
5715759.180984246
1164510.3037646634
4434474.988542568
2605864.7812719834
3421534.0150037277
4687833.905640479
5243812.148237444
523310.05915889435
3528729.5219